965,132
965,119
965,61
965,46
965,45
965,40
965,35
965,30
965,25
965,19
965,14
965,11
965,10
965,4
965,3
965,1
959,199
959,136
959,135
959,134
959,133
959,132
959,131
959,121
959,120
959,118
959,115
959,114
959,110
959,109
959,108
959,104
959,103
959,100
959,97
959,96
959,95
959,90
959,86
959,83
959,82
959,78
959,77
959,75
959,71
959,65
959,63
959,62
959,61
959,60
959,59
959,58
959,52
959,43
959,42
959,41
959,39
959,37
959,36
959,35
959,30
959,27
959,26
959,23
959,20
959,19
959,16
959,15
959,14
959,13
959,7
959,4
959,3
959,1
4,40
4,24
4,3
4,0
5,1
5,3
5,0
3,1
3,3
4,9
3,0
4,1
4,8
0,2197
962,6
962,1
962,4
0,2752
0,357
0,2236
0,1781
962,3
0,343
962,0
0,9
0,314
0,305
0,1049
0,1048
0,2792
0,2791
0,2790
0,1027
0,308
0,2753
0,304
0,1783
0,303
0,302
0,307
0,2800
0,12
0,341
0,10
0,1026
0,8
0,0
0,2828
0,300
0,2825
0,299
0,2824
0,298
0,2823
0,297
0,1061
0,296
0,2784
0,295
0,2855
0,294
0,2822
0,293
0,327
0,292
0,2780
0,291
0,290
0,2821
0,289
0,1059
0,288
0,2778
0,287
0,2819
0,286
0,2854
0,285
0,2775
0,284
0,1732
0,283
0,1731
0,282
0,1730
0,281
0,2853
0,280
0,1058
0,279
0,1729
0,278
0,2772
0,277
0,2852
0,276
0,352
0,275
0,2851
965,133
965,136
965,144
965,147
966,3
966,4
966,11
966,19
966,24
966,34
966,38
966,46
966,59
966,60
966,62
966,108
966,121
966,123
966,130
967,1
967,3
967,6
967,7
967,13
967,21
967,22
967,24
967,31
967,43
967,44
967,55
967,63
967,65
967,77
967,78
967,89
967,97
967,98
967,105
967,106
967,115
967,125
967,168
967,171
967,174
967,187
967,189
967,200
967,208
967,215
967,221
967,224
967,226
967,230
967,231
967,238
967,243
967,251
967,252
967,324
967,327
967,328
967,339
967,384
967,387
967,392
967,399
967,404
967,408
967,451
967,452
967,513
967,517
967,518
967,520
967,577
968,7
968,1
968,18
968,20
968,29
968,33
968,35
968,40
968,46
968,47
968,65
968,66
968,74
968,76
968,78
968,83
968,84
968,89
968,92
968,98
968,100
968,101
968,103
968,105
968,112
968,115
968,116
968,120
968,121
968,125
968,192
968,193
968,195
969,9
969,13
969,15
969,32
969,36
969,47
969,51
969,52
969,67
969,73
969,74
969,80
969,97
969,100
969,101
969,103
969,109
969,110
969,112
969,113
969,128
969,130
969,131
969,133
969,134
969,136
969,137
969,139
969,141
969,142
969,144
969,145
969,148
969,150
969,151
969,153
969,155
969,157
969,159
969,160
969,163
969,165
969,168
969,169
969,172
969,174
969,175
969,178
969,179
969,181
969,183
969,184
969,186
969,187
969,189
969,190
969,222
969,252
969,321
969,326
969,329
969,333
969,338
969,341
969,346
969,349
969,354
969,357
969,363
969,368
969,371
969,376
969,379
969,456
969,460
969,462
969,466
969,467
969,471
969,474
969,476
969,478
969,481
969,483
969,484
969,487
969,490
969,491
969,496
969,498
969,501
969,504
969,505
969,507
969,510
969,542
969,576
969,582
969,587
969,590
969,595
969,598
969,603
969,608
969,609
969,611
969,612
969,615
969,616
969,618
969,620
969,621
969,624
969,625
969,627
969,630
969,631
969,635
969,636
969,638
969,639
969,648
969,677
969,761
969,897
969,898
969,900
969,902
969,903
969,905
969,906
969,908
969,910
969,911
969,913
969,914
969,916
969,917
969,919
969,921
969,922
969,924
969,925
969,927
969,929
969,930
969,932
969,933
969,935
969,936
969,938
969,940
969,941
969,943
969,944
969,946
969,948
969,949
969,951
969,952
969,954
969,955
969,957
969,959
969,1024
969,1026
969,1027
969,1029
969,1031
969,1032
969,1034
969,1035
969,1037
969,1039
969,1040
969,1042
969,1043
969,1045
969,1046
969,1048
969,1050
969,1051
969,1053
969,1054
969,1056
969,1058
969,1059
969,1061
969,1062
969,1064
969,1065
969,1067
969,1069
969,1070
969,1072
969,1073
969,1075
969,1077
969,1078
969,1080
969,1081
969,1083
969,1084
969,1086
969,1152
969,1153
969,1155
969,1156
969,1158
969,1160
969,1161
969,1163
969,1164
969,1166
969,1168
969,1169
969,1171
969,1172
969,1174
969,1175
969,1177
969,1179
969,1180
969,1182
969,1183
969,1185
969,1187
969,1188
969,1190
969,1191
969,1193
969,1194
969,1196
969,1198
969,1199
969,1201
969,1202
969,1204
969,1206
969,1207
969,1209
969,1210
969,1212
969,1213
969,1215
969,1408
969,1409
969,1411
969,1412
969,1414
969,1416
969,1417
969,1419
969,1420
969,1422
969,1423
969,1425
969,1427
969,1428
969,1430
969,1431
969,1433
969,1435
969,1436
969,1438
969,1439
969,1441
969,1443
969,1444
969,1446
969,1447
969,1449
969,1450
969,1452
969,1454
969,1455
969,1457
969,1458
969,1460
969,1462
969,1463
969,1465
969,1466
969,1468
969,1469
969,1471
969,1538
969,1539
969,1542
969,1544
969,1547
969,1550
969,1551
969,1556
969,1557
969,1560
969,1562
969,1565
969,1568
969,1571
969,1573
969,1575
969,1578
969,1581
969,1583
969,1586
969,1587
969,1591
969,1594
969,1596
969,1598
969,1728
969,1730
969,1731
969,1733
969,1735
969,1736
969,1738
969,1739
969,1741
969,1743
969,1744
969,1746
969,1747
969,1749
969,1750
969,1752
969,1754
969,1755
969,1757
969,1758
969,1760
969,1762
969,1763
969,1765
969,1766
969,1768
969,1769
969,1771
969,1773
969,1774
969,1776
969,1777
969,1779
969,1781
969,1782
969,1784
969,1785
969,1787
969,1788
969,1790
969,2048
969,2049
969,2051
969,2052
969,2054
969,2056
969,2057
969,2059
969,2060
969,2062
969,2064
969,2065
969,2067
969,2068
969,2070
969,2071
969,2073
969,2075
969,2076
969,2078
969,2079
969,2081
969,2083
969,2084
969,2086
969,2087
969,2089
969,2090
969,2092
969,2094
969,2095
969,2097
969,2098
969,2100
969,2102
969,2103
969,2105
969,2106
969,2108
969,2109
969,2111
969,2113
969,2114
969,2116
969,2117
969,2119
969,2121
969,2122
969,2124
969,2125
969,2127
969,2129
969,2130
969,2132
969,2133
969,2135
969,2136
969,2138
969,2140
969,2141
969,2143
969,2144
969,2146
969,2148
969,2149
969,2151
969,2152
969,2154
969,2155
969,2157
969,2159
969,2160
969,2162
969,2163
969,2165
969,2167
969,2168
969,2170
969,2171
969,2173
969,2174
969,2385
969,2432
969,2433
969,2435
969,2436
969,2438
969,2440
969,2441
969,2443
969,2444
969,2446
969,2447
969,2449
969,2451
969,2452
969,2454
969,2455
969,2457
969,2459
969,2460
969,2462
969,2463
969,2465
969,2467
969,2468
969,2470
969,2471
969,2473
969,2474
969,2476
969,2478
969,2479
969,2481
969,2482
969,2484
969,2486
969,2487
969,2489
969,2490
969,2492
969,2493
969,2495
969,2497
969,2498
969,2500
969,2501
969,2503
969,2505
969,2506
969,2508
969,2509
969,2511
969,2512
969,2514
969,2516
969,2517
969,2519
969,2521
969,2524
969,2526
969,2527
969,2529
969,2530
969,2532
969,2534
969,2535
969,2537
969,2538
969,2540
969,2541
969,2543
969,2545
969,2546
969,2548
969,2549
969,2551
969,2553
969,2554
969,2556
969,2557
969,2559
969,2560
969,2562
969,2564
969,2565
969,2567
969,2568
969,2570
969,2572
969,2573
969,2575
969,2576
969,2578
969,2579
969,2581
969,2583
969,2584
969,2586
969,2587
969,2589
969,2591
969,2592
969,2594
969,2595
969,2597
969,2599
969,2600
969,2602
969,2603
969,2605
969,2606
969,2608
969,2610
969,2611
969,2613
969,2614
969,2616
969,2618
969,2619
969,2621
969,2622
969,2624
969,2626
969,2629
969,2632
969,2634
969,2637
969,2638
969,2643
969,2647
969,2688
969,2690
969,2691
969,2694
969,2696
969,2752
969,2754
969,2755
969,2757
969,2758
969,2760
969,2762
969,2763
969,2765
969,2766
969,2768
969,2769
969,2771
969,2773
969,2774
969,2776
969,2777
969,2779
969,2781
969,2782
969,2784
969,2785
969,2787
969,2789
969,2790
969,2792
969,2793
969,2795
969,2796
969,2798
969,2800
969,2801
969,2803
969,2804
969,2806
969,2808
969,2809
969,2811
969,2812
969,2814
969,2815
969,2817
969,2819
969,2820
969,2822
969,2823
969,2825
969,2827
969,2828
969,2830
969,2831
969,2833
969,2834
969,2838
969,2840
969,2841
969,2843
969,2844
969,2846
969,2858
969,2862
969,2864
969,2865
969,2867
969,2869
969,2870
969,2872
976,1
976,5
976,6
976,8
976,10
976,11
976,16
976,17
976,20
976,23
976,24
976,26
976,30
976,34
976,35
976,38
976,42
976,43
976,47
976,50
976,53
976,55
976,58
976,61
976,62
976,68
976,70
976,74
976,77
976,78
976,86
976,95
976,103
976,107
976,112
976,117
976,122
976,127
976,128
976,130
976,132
976,133
976,135
976,136
976,138
976,140
976,141
976,143
976,144
976,146
976,148
976,149
976,151
976,152
976,154
976,155
976,157
976,159
976,160
976,162
976,163
976,165
976,167
976,168
976,170
976,171
976,173
976,174
976,176
976,178
976,179
976,181
976,182
976,184
976,186
976,187
976,189
976,190
976,195
976,196
976,198
976,200
976,202
976,204
976,205
976,207
976,209
976,210
976,212
976,213
976,216
976,218
976,219
976,221
976,222
976,224
976,225
976,227
976,229
976,257
976,259
976,260
976,263
976,266
976,267
976,269
976,271
976,273
976,276
976,280
976,285
976,286
976,291
976,292
976,296
976,301
976,320
976,322
976,323
976,325
976,326
976,328
976,330
976,331
976,333
976,334
976,336
976,338
976,339
976,341
976,342
976,344
976,345
976,347
976,350
976,351
976,353
976,354
976,356
976,358
976,359
976,361
976,362
976,364
976,366
976,367
976,369
976,370
976,372
976,373
978,1
984,8
984,15
984,37
984,60
984,109
984,198
984,220
984,244
984,331
985,4
985,1
987,3
990,1
990,5
990,12
990,22
990,32
990,34
990,36
990,41
990,42
990,46
990,47
990,51
990,57
990,58
990,66
990,71
990,81
990,86
990,88
990,91
990,92
990,96
990,99
990,100
990,103
990,106
990,113
990,115
990,123
990,129
990,130
990,132
990,133
990,135
990,137
990,138
992,4
992,6
992,8
992,151
992,154
992,157
992,158
992,162
992,163
992,166
992,170
992,171
992,174
992,176
992,179
992,181
992,184
992,187
992,189
992,256
992,257
992,260
992,264
992,265
992,268
992,270
992,273
992,276
992,278
992,281
992,283
992,286
992,287
992,291
992,294
992,295
992,299
992,300
992,303
992,306
992,308
992,311
992,313
992,316
992,318
992,577
992,580
992,581
992,585
992,586
992,589
992,593
992,594
992,597
992,599
992,602
992,604
992,607
992,610
992,612
992,615
992,616
992,620
992,623
992,624
992,627
992,629
992,632
992,634
992,637
992,640
992,642
992,645
992,646
992,650
992,653
992,654
992,658
992,659
992,662
992,665
992,667
992,670
992,672
992,675
992,677
992,680
992,683
992,685
992,688
992,689
992,692
992,696
992,697
992,700
992,702
992,1025
992,1027
992,1030
992,1033
992,1035
992,1038
992,1039
992,1043
992,1046
992,1047
992,1050
992,1052
992,1055
992,1057
992,1060
992,1063
992,1065
992,1068
992,1069
992,1073
992,1076
992,1077
992,1081
992,1082
992,1085
992,1281
992,1282
992,1285
992,1287
992,1290
992,1292
992,1295
992,1298
992,1300
992,1303
992,1304
992,1307
992,1311
992,1312
992,1315
992,1317
992,1320
992,1322
992,1325
992,1328
992,1330
992,1333
992,1334
992,1338
992,1341
992,1342
992,1346
992,1347
992,1350
992,1352
992,1355
992,1358
992,1360
992,1363
992,1365
992,1368
992,1371
992,1372
992,1376
992,1377
992,1380
992,1382
992,1385
992,1388
992,1390
992,1393
992,1395
992,1398
992,1401
992,1403
992,1406
992,1407
992,1411
992,1414
992,1415
992,1418
992,1420
992,1423
992,1425
992,1428
992,1431
992,1433
992,1436
992,1437
992,1441
992,1444
992,1445
992,1449
992,1450
992,1453
992,1455
992,1458
992,1461
992,1463
992,1466
992,1468
992,1471
992,1474
992,1475
992,1479
992,1480
992,1483
992,1485
992,1488
992,1491
992,1493
992,1496
992,1498
992,1501
992,1504
992,1506
992,1509
992,1510
992,1514
992,1517
992,1518
992,1521
992,1523
992,1526
992,1528
992,1531
992,1534
992,1535
992,1793
992,1795
992,1798
992,1801
992,1803
992,1806
992,1808
992,1811
992,1812
992,1816
992,1819
992,1820
992,1823
992,1825
992,1828
992,1831
992,1833
992,1836
992,1838
992,1841
992,1842
992,1846
992,1849
992,1850
992,1854
992,1855
992,1986
992,1989
992,1991
992,1994
992,1996
992,1999
992,2001
992,2004
992,2007
992,2008
992,2012
992,2013
992,2016
992,2020
992,2021
992,2024
992,2026
992,2029
992,2032
992,2034
992,2037
998,3
1007,3
1007,4
1007,13
1007,14
1007,18
1007,20
1007,22
1007,25
1007,29
1007,31
1007,34
1007,37
1007,39
1007,43
1007,46
1007,49
1007,51
1007,62
1007,63
1007,68
1007,71
1007,128
1024,1
1024,3
1024,6
1024,13
1024,31
1024,34
1024,35
1024,37
1024,39
1024,43
1024,70
1024,72
1024,79
1024,87
1024,101
1024,107
1024,108
1024,110
1024,111
1024,113
1024,114
1024,116
1024,118
1024,119
1024,123
1024,129
1024,194
1024,197
1024,198
1024,202
1024,203
1024,207
1024,208
1024,210
1024,213
1024,214
1024,216
1024,217
1024,219
1024,221
1024,222
1024,224
1024,225
1024,227
1024,228
1024,232
1024,238
1024,239
1024,241
1024,242
1024,244
1024,246
1024,247
1024,249
1024,250
1024,252
1024,254
1024,255
1024,316
1024,317
1024,385
1024,386
1024,388
1024,390
1024,391
1024,393
1024,394
1024,405
1024,407
1024,431
1024,433
1024,434
1024,436
1024,438
1024,441
1024,444
1024,445
1024,447
1024,519
1024,532
1024,549
1024,551
1024,568
1024,575
1024,577
1024,578
1024,580
1024,582
1024,583
1024,585
1024,586
1024,588
1024,590
1024,591
1024,593
1024,594
1024,596
1024,597
1024,599
1024,601
1024,603
1024,605
1024,606
1024,608
1024,610
1024,611
1024,614
1024,615
1024,618
1024,622
1024,623
1024,626
1024,628
1024,631
1024,633
1024,636
1024,639
1024,640
1024,644
1024,645
1024,647
1024,649
1024,650
1024,653
1024,655
1024,658
1024,660
1024,663
1024,666
1024,667
1024,671
1024,672
1024,674
1024,676
1024,677
1024,680
1024,681
1024,684
1024,686
1024,688
1024,690
1024,691
1024,693
1024,694
1024,697
1024,700
1024,702
1024,717
1024,720
1024,780
1024,787
1024,788
1024,792
1024,793
1024,795
1024,796
1024,798
1024,800
1024,801
1024,803
1024,804
1024,807
1024,809
1024,811
1024,813
1024,814
1024,816
1024,817
1024,821
1024,823
1024,824
1024,828
1024,829
1024,831
1024,833
1024,834
1024,836
1024,837
1024,842
1024,843
1024,845
1024,847
1024,848
1024,850
1024,851
1024,853
1024,855
1024,856
1024,858
1024,859
1024,861
1024,862
1024,864
1024,866
1024,867
1024,869
1024,870
1024,872
1024,874
1024,877
1024,879
1024,880
1024,890
1024,912
1024,914
1024,946
1024,949
1024,1025
1024,1027
1024,1029
1024,1032
1024,1033
1024,1038
1024,1040
1024,1043
1024,1046
1024,1051
1024,1055
1024,1056
1024,1058
1024,1059
1024,1061
1024,1153
1024,1154
1024,1156
1024,1157
1024,1159
1024,1161
1024,1162
1024,1164
1024,1165
1024,1167
1024,1168
1024,1170
1024,1172
1024,1173
1024,1175
1024,1176
1024,1178
1024,1180
1024,1181
1024,1183
1024,1184
1024,1186
1024,1188
1024,1189
1024,1191
1024,1192
1024,1194
1024,1195
1024,1197
1024,1199
1024,1200
1024,1202
1024,1203
1024,1205
1024,1207
1024,1208
1024,1210
1024,1211
1024,1213
1024,1214
1024,1216
1024,1218
1024,1219
1024,1221
1024,1222
1024,1224
1024,1226
1024,1227
1024,1229
1024,1230
1024,1232
1024,1233
1024,1235
1024,1237
1024,1238
1024,1240
1024,1241
1024,1243
1024,1245
1024,1246
1024,1248
1024,1249
1024,1251
1024,1252
1024,1254
1024,1256
1024,1257
1024,1259
1024,1260
1024,1262
1024,1264
1024,1265
1024,1267
1024,1268
1024,1270
1024,1272
1024,1273
1024,1275
1024,1276
1024,1278
1024,1279
1024,1345
1024,1347
1024,1348
1024,1350
1024,1351
1024,1353
1024,1355
1024,1356
1024,1358
1024,1359
1024,1361
1024,1362
1024,1364
1024,1366
1024,1367
1024,1369
1024,1370
1024,1372
1024,1374
1024,1375
1024,1377
1024,1378
1024,1380
1024,1381
1024,1383
1024,1385
1024,1386
1024,1388
1024,1389
1024,1391
1024,1393
1024,1394
1024,1396
1024,1397
1024,1399
1024,1401
1024,1402
1024,1404
1024,1405
1024,1407
1024,1408
1024,1410
1024,1412
1024,1413
1024,1415
1024,1416
1024,1418
1024,1420
1024,1421
1024,1423
1024,1424
1024,1426
1024,1427
1024,1429
1024,1431
1024,1432
1024,1434
1024,1435
1024,1437
1024,1439
1024,1440
1024,1442
1024,1443
1024,1445
1024,1446
1024,1448
1024,1450
1024,1451
1024,1453
1024,1454
1024,1456
1024,1458
1024,1459
1024,1461
1024,1462
1024,1464
1024,1466
1024,1467
1024,1469
1024,1470
1024,1472
1024,1473
1024,1475
1024,1477
1024,1479
1024,1481
1024,1482
1024,1484
1024,1486
1024,1487
1024,1489
1024,1490
1024,1492
1024,1493
1024,1495
1024,1497
1024,1498
1024,1500
1024,1501
1024,1503
1024,1505
1024,1506
1024,1508
1024,1509
1024,1511
1024,1512
1024,1514
1024,1516
1024,1517
1024,1519
1024,1520
1024,1522
1024,1524
1024,1525
1024,1527
1024,1528
1024,1530
1024,1531
1024,1533
1024,1535
1024,1645
1024,1647
1024,1648
1024,1665
1024,1667
1024,1668
1024,1670
1024,1721
1024,1729
1024,1731
1024,1732
1024,1734
1024,1735
1024,1737
1024,1738
1024,1740
1024,1742
1024,1743
1024,1745
1024,1746
1024,1748
1024,1750
1024,1751
1024,1753
1024,1754
1024,1756
1024,1757
1024,1759
1024,1761
1024,1762
1024,1764
1024,1765
1024,1767
1024,1769
1024,1770
1024,1772
1024,1773
1024,1775
1024,1776
1024,1778
1024,1780
1024,1781
1024,1783
1024,1784
1024,1786
1024,1788
1024,1789
1024,1791
1024,1856
1024,1858
1024,1860
1024,1861
1024,1863
1024,1864
1024,1866
1024,1867
1024,1869
1024,1871
1024,1872
1024,1874
1024,1875
1024,1877
1024,1879
1024,1880
1024,1882
1024,1883
1024,1885
1024,1886
1024,1888
1024,1890
1024,1891
1024,1893
1024,1894
1024,1896
1024,1898
1024,1899
1024,1901
1024,1902
1024,1904
1024,1905
1024,1907
1024,1909
1024,1910
1024,1912
1024,1913
1024,1915
1024,1917
1024,1918
1024,1920
1024,1921
1024,1923
1024,1924
1024,1926
1024,1928
1024,1929
1024,1931
1024,1932
1024,1934
1024,1936
1024,1937
1024,1939
1024,1940
1024,1942
1024,1944
1024,1945
1024,1947
1024,1948
1024,1950
1024,1951
1024,1953
1024,1955
1024,1956
1024,1958
1024,1959
1024,1961
1024,1963
1024,1964
1024,1966
1024,1967
1024,1969
1024,1970
1024,1972
1024,1974
1024,1975
1024,1977
1024,1978
1024,1980
1024,1982
1024,1983
1024,1985
1024,1986
1024,1988
1024,1989
1024,1991
1024,1993
1024,1994
1024,1996
1024,1997
1024,1999
1024,2001
1024,2002
1024,2004
1024,2005
1024,2007
1024,2009
1024,2010
1024,2012
1024,2013
1024,2015
1024,2016
1024,2018
1024,2020
1024,2021
1024,2023
1024,2024
1024,2026
1024,2028
1024,2029
1024,2031
1024,2032
1024,2034
1024,2035
1024,2037
1024,2039
1024,2040
1024,2042
1024,2043
1024,2045
1024,2047
1024,2048
1024,2054
1024,2055
1024,2057
1024,2058
1024,2060
1024,2062
1024,2063
1024,2065
1024,2066
1024,2068
1024,2070
1024,2071
1024,2073
1024,2074
1024,2076
1024,2077
1024,2079
1024,2081
1024,2082
1024,2084
1024,2085
1024,2087
1024,2089
1024,2090
1024,2092
1024,2093
1024,2095
1024,2097
1024,2098
1024,2100
1024,2101
1024,2103
1024,2104
1024,2106
1024,2108
1024,2109
1024,2111
1024,2112
1024,2114
1024,2116
1024,2117
1024,2119
1024,2120
1024,2122
1024,2123
1024,2125
1024,2127
1024,2128
1024,2130
1024,2131
1024,2133
1024,2135
1024,2136
1024,2138
1024,2139
1024,2141
1024,2142
1024,2144
1024,2146
1024,2147
1024,2149
1024,2150
1024,2152
1024,2154
1024,2157
1024,2159
1024,2160
1024,2162
1024,2164
1024,2165
1024,2167
1024,2168
1024,2170
1024,2171
1024,2173
1024,2175
1024,2304
1024,2306
1024,2307
1024,2309
1024,2312
1024,2313
1024,2315
1024,2317
1024,2319
1024,2320
1024,2322
1024,2324
1024,2325
1024,2327
1024,2328
1024,2330
1024,2332
1024,2333
1024,2335
1024,2336
1024,2339
1024,2340
1024,2342
1066,1
1067,9
1067,12
1067,1
1067,15
1067,17
1067,18
1067,22
1067,23
1067,30
1067,32
1067,37
1067,41
1067,44
1067,49
1067,50
1067,63
1067,66
1067,68
1067,71
1067,75
1067,77
1067,81
1067,82
1067,95
1067,98
1067,104
1067,111
1067,128
1067,131
1067,133
1067,137
1067,139
1067,142
1067,149
1067,150
1067,155
1067,157
1067,160
1067,161
1067,165
1077,1
1077,21
1077,23
1077,24
1077,33
1077,35
1077,38
1077,41
1077,58
1077,98
1077,102
1077,125
1077,129
1077,130
1077,132
1077,133
1077,135
1077,137
1077,138
1077,140
1077,141
1077,143
1077,145
1077,146
1077,148
1077,149
1077,151
1077,152
1077,154
1077,156
1077,157
1077,159
1077,160
1077,162
1077,164
1077,165
1077,168
1077,169
1077,171
1077,172
1077,184
1077,186
1077,187
1077,189
1077,190
1077,256
1077,258
1077,259
1077,261
1077,262
1077,264
1077,265
1077,267
1077,269
1077,270
1077,272
1077,273
1077,275
1101,3
1101,1
1106,1
1106,4
1108,3
1108,10
1108,22
1108,39
1108,40
1108,43
1108,45
1108,49
1108,55
1108,56
1108,60
1108,63
1108,71
1108,80
1108,88
1108,101
1108,103
1108,116
1108,120
1108,128
1108,130
1108,132
1108,134
1108,135
1108,137
1108,139
1108,140
1108,142
1108,143
1108,145
1108,146
1108,148
1108,150
1108,151
1108,153
1108,154
1108,156
1108,158
1108,159
1108,161
1108,162
1108,164
1108,165
1108,168
1108,170
1108,171
1108,173
1108,174
1108,176
1108,178
1108,179
1108,181
1108,182
1108,184
1108,186
1108,187
1108,189
1108,190
1108,215
1108,219
1108,234
1108,239
1108,246
1108,258
1108,259
1108,261
1108,263
1108,264
1108,266
1108,267
1108,269
1108,270
1108,272
1108,274
1108,275
1108,277
1108,278
1108,280
1108,282
1108,283
1108,285
1108,286
1108,288
1108,289
1108,291
1108,293
1108,294
1108,296
1108,297
1108,299
1108,301
1108,302
1108,304
1108,305
1108,307
1108,309
1108,310
1108,312
1108,313
1108,315
1108,316
1108,318
1108,323
1108,339
1108,453
1108,463
1108,512
1108,514
1108,515
1108,517
1108,518
1108,520
1108,521
1108,523
1108,525
1108,526
1108,528
1108,529
1108,531
1108,534
1108,535
1108,538
1108,540
1108,542
1108,543
1108,546
1108,548
1108,549
1108,551
1108,552
1108,555
1108,557
1108,558
1108,560
1108,561
1108,563
1108,564
1108,566
1108,568
1108,570
1108,573
1108,575
1108,645
1108,647
1108,651
1108,659
1108,661
1108,666
1108,670
1108,673
1108,681
1108,683
1108,687
1108,689
1108,694
1108,698
1108,700
1108,770
1108,773
1108,780
1108,787
1108,832
1108,834
1108,837
1108,839
1108,844
1108,852
1108,854
1108,855
1108,861
1108,862
1108,864
1108,867
1108,870
1108,875
1108,876
1108,880
1108,881
1108,886
1108,889
1108,890
1108,895
1108,1088
1108,1090
1108,1096
1108,1098
1108,1100
1108,1105
1108,1108
1108,1111
1108,1116
1108,1119
1108,1120
1108,1124
1108,1127
1108,1129
1108,1138
1108,1139
1108,1144
1108,1147
1108,1149
1108,1152
1108,1153
1108,1157
1108,1158
1108,1161
1108,1162
1108,1166
1108,1172
1108,1177
1108,1181
1108,1182
1108,1186
1108,1193
1108,1194
1108,1196
1108,1198
1108,1213
1108,1214
1108,1348
1108,1353
1108,1355
1108,1361
1108,1362
1108,1378
1108,1384
1108,1385
1108,1388
1108,1391
1108,1395
1108,1398
1108,1400
1108,1408
1108,1411
1108,1418
1108,1419
1108,1422
1108,1426
1108,1435
1108,1437
1108,1438
1108,1448
1108,1452
1108,1453
1108,1459
1108,1460
1108,1466
1108,1467
1108,1471
1108,1474
1108,1478
1108,1482
1108,1486
1108,1489
1108,1491
1108,1492
1108,1494
1108,1496
1108,1500
1108,1501
1108,1503
1108,1506
1108,1508
1108,1513
1108,1515
1108,1521
1108,1525
1108,1531
1108,1533
1108,1535
1108,1540
1108,1541
1108,1546
1108,1549
1108,1550
1108,1552
1108,1553
1108,1556
1108,1559
1108,1561
1108,1565
1108,1568
1108,1570
1108,1572
1108,1573
1108,1575
1108,1576
1108,1580
1108,1581
1108,1583
1108,1585
1108,1586
1108,1589
1108,1590
1108,1593
1108,1595
1108,1597
1108,1599
1108,1680
1108,1856
1108,1857
1108,1863
1108,1865
1108,1866
1108,1871
1108,1872
1108,1875
1108,1878
1108,1879
1108,1882
1108,1885
1108,1890
1108,1892
1108,1898
1108,1900
1108,1901
1108,1906
1108,1907
1108,1910
1108,1912
1108,1913
1108,1917
1108,1919
1108,1985
1108,1987
1108,1988
1108,1992
1108,1993
1108,1995
1108,1996
1108,2000
1108,2003
1108,2004
1108,2009
1108,2010
1108,2015
1108,2018
1108,2019
1108,2024
1108,2025
1108,2032
1108,2033
1108,2042
1108,2045
1108,2046
1108,2240
1108,2241
1108,2244
1108,2246
1108,2247
1108,2251
1108,2257
1108,2259
1108,2260
1108,2262
1108,2265
1108,2266
1108,2268
1108,2269
1108,2271
1108,2273
1108,2274
1108,2276
1108,2277
1108,2279
1108,2280
1108,2282
1108,2286
1108,2287
1108,2289
1108,2291
1108,2297
1108,2299
1108,2300
1108,2302
1108,2303
1108,2305
1108,2307
1108,2308
1108,2311
1108,2312
1108,2316
1108,2318
1108,2322
1108,2324
1108,2325
1108,2327
1108,2328
1109,3
1109,6
1109,11
1109,13
1109,14
1109,16
1109,19
1109,23
1109,29
1109,32
1109,37
1109,43
1109,46
1109,52
1109,53
1109,59
1109,60
1109,62
1109,64
1109,68
1109,70
1109,71
1109,77
1109,78
1109,83
1110,1
1115,1
1115,4
1115,5
1115,16
1115,18
1115,26
1115,33
1115,34
1115,38
1115,47
1115,50
1115,58
1115,59
1115,61
1115,67
1115,69
1115,74
1115,75
1115,83
1115,87
1115,102
1115,133
1115,138
1116,3
1116,1
1120,1
1121,1
1121,7
1122,3
1122,7
1122,10
1130,3
1136,3
1136,1
1139,5
1139,6
1139,9
1139,13
1139,12
1139,1
1139,4
1130,1
1122,1
1121,9
1121,3
1120,5
1115,142
1115,136
1115,97
1115,79
1115,70
1115,68
1115,60
1115,51
1115,48
1115,37
1115,27
1115,17
1115,15
1115,3
1110,4
1109,82
1109,73
1109,69
1109,67
1109,61
1109,55
1109,49
1109,44
1109,36
1109,24
1109,20
1109,15
1109,12
1109,4
1109,1
1108,2326
1108,2323
1108,2320
1108,2315
1108,2310
1108,2306
1108,2304
1108,2301
1108,2298
1108,2293
1108,2288
1108,2285
1108,2281
1108,2278
1108,2275
1108,2272
1108,2270
1108,2267
1108,2264
1108,2261
1108,2258
1108,2250
1108,2245
1108,2243
1108,2047
1108,2044
1108,2035
1108,2030
1108,2022
1108,2017
1108,2014
1108,2005
1108,2001
1108,1999
1108,1994
1108,1990
1108,1986
1108,1984
1108,1914
1108,1911
1108,1909
1108,1904
1108,1899
1108,1894
1108,1886
1108,1881
1108,1877
1108,1873
1108,1869
1108,1864
1108,1860
1108,1687
1108,1598
1108,1594
1108,1591
1108,1588
1108,1584
1108,1582
1108,1579
1108,1574
1108,1571
1108,1569
1108,1564
1108,1558
1108,1554
1108,1551
1108,1548
1108,1543
1108,1536
1108,1532
1108,1522
1108,1520
1108,1512
1108,1504
1108,1502
1108,1498
1108,1493
1108,1490
1108,1488
1108,1481
1108,1472
1108,1469
1108,1465
1108,1454
1108,1451
1108,1447
1108,1436
1108,1423
1108,1421
1108,1414
1108,1407
1108,1397
1108,1393
1108,1386
1108,1383
1108,1369
1108,1358
1108,1350
1108,1346
1108,1210
1108,1195
1108,1192
1108,1185
1108,1178
1108,1171
1108,1165
1108,1160
1108,1154
1108,1151
1108,1148
1108,1143
1108,1134
1108,1128
1108,1123
1108,1118
1108,1110
1108,1106
1108,1099
1108,1095
1108,1089
1108,891
1108,887
1108,884
1108,877
1108,871
1108,865
1108,863
1108,856
1108,853
1108,847
1108,838
1108,833
1108,783
1108,777
1108,768
1108,696
1108,690
1108,685
1108,680
1108,668
1108,663
1108,654
1108,646
1108,642
1108,572
1108,567
1108,565
1108,562
1108,559
1108,556
1108,553
1108,550
1108,547
1108,544
1108,541
1108,537
1108,533
1108,530
1108,527
1108,524
1108,522
1108,519
1108,516
1108,513
1108,474
1108,352
1108,319
1108,317
1108,314
1108,311
1108,308
1108,306
1108,303
1108,300
1108,298
1108,295
1108,292
1108,290
1108,287
1108,284
1108,281
1108,279
1108,276
1108,273
1108,271
1108,268
1108,265
1108,262
1108,260
1108,257
1108,236
1108,224
1108,191
1108,188
1108,185
1108,183
1108,180
1108,177
1108,175
1108,172
1108,169
1108,167
1108,163
1108,160
1108,157
1108,155
1108,152
1108,149
1108,147
1108,144
1108,141
1108,138
1108,136
1108,133
1108,129
1108,123
1108,111
1108,94
1108,75
1108,69
1108,58
1108,50
1108,48
1108,41
1108,23
1108,4
1108,1
1106,3
1077,276
1077,274
1077,271
1077,268
1077,266
1077,263
1077,260
1077,257
1077,191
1077,188
1077,185
1077,183
1077,170
1077,166
1077,163
1077,161
1077,158
1077,155
1077,153
1077,150
1077,147
1077,144
1077,142
1077,139
1077,136
1077,134
1077,131
1077,128
1077,105
1077,59
1077,40
1077,34
1077,30
1077,22
1077,20
1067,164
1067,159
1067,154
1067,143
1067,141
1067,135
1067,130
1067,121
1067,103
1067,92
1067,78
1067,76
1067,70
1067,65
1067,60
1067,45
1067,40
1067,31
1067,29
1067,21
1067,16
1067,14
1067,11
1066,3
1024,2341
1024,2338
1024,2334
1024,2331
1024,2329
1024,2326
1024,2323
1024,2321
1024,2318
1024,2314
1024,2311
1024,2308
1024,2305
1024,2174
1024,2172
1024,2169
1024,2166
1024,2163
1024,2161
1024,2158
1024,2153
1024,2151
1024,2148
1024,2145
1024,2143
1024,2140
1024,2137
1024,2134
1024,2132
1024,2129
1024,2126
1024,2124
1024,2121
1024,2118
1024,2115
1024,2113
1024,2110
1024,2107
1024,2105
1024,2102
1024,2099
1024,2096
1024,2094
1024,2091
1024,2088
1024,2086
1024,2083
1024,2080
1024,2078
1024,2075
1024,2072
1024,2069
1024,2067
1024,2064
1024,2061
1024,2059
1024,2056
1024,2050
1024,2046
1024,2044
1024,2041
1024,2038
1024,2036
1024,2033
1024,2030
1024,2027
1024,2025
1024,2022
1024,2019
1024,2017
1024,2014
1024,2011
1024,2008
1024,2006
1024,2003
1024,2000
1024,1998
1024,1995
1024,1992
1024,1990
1024,1987
1024,1984
1024,1981
1024,1979
1024,1976
1024,1973
1024,1971
1024,1968
1024,1965
1024,1962
1024,1960
1024,1957
1024,1954
1024,1952
1024,1949
1024,1946
1024,1943
1024,1941
1024,1938
1024,1935
1024,1933
1024,1930
1024,1927
1024,1925
1024,1922
1024,1919
1024,1916
1024,1914
1024,1911
1024,1908
1024,1906
1024,1903
1024,1900
1024,1897
1024,1895
1024,1892
1024,1889
1024,1887
1024,1884
1024,1881
1024,1878
1024,1876
1024,1873
1024,1870
1024,1868
1024,1865
1024,1862
1024,1859
1024,1857
1024,1790
1024,1787
1024,1785
1024,1782
1024,1779
1024,1777
1024,1774
1024,1771
1024,1768
1024,1766
1024,1763
1024,1760
1024,1758
1024,1755
1024,1752
1024,1749
1024,1747
1024,1744
1024,1741
1024,1739
1024,1736
1024,1733
1024,1730
1024,1728
1024,1669
1024,1666
1024,1663
1024,1646
1024,1534
1024,1532
1024,1529
1024,1526
1024,1523
1024,1521
1024,1518
1024,1515
1024,1513
1024,1510
1024,1507
1024,1504
1024,1502
1024,1499
1024,1496
1024,1494
1024,1491
1024,1488
1024,1485
1024,1483
1024,1480
1024,1476
1024,1474
1024,1471
1024,1468
1024,1465
1024,1463
1024,1460
1024,1457
1024,1455
1024,1452
1024,1449
1024,1447
1024,1444
1024,1441
1024,1438
1024,1436
1024,1433
1024,1430
1024,1428
1024,1425
1024,1422
1024,1419
1024,1417
1024,1414
1024,1411
1024,1409
1024,1406
1024,1403
1024,1400
1024,1398
1024,1395
1024,1392
1024,1390
1024,1387
1024,1384
1024,1382
1024,1379
1024,1376
1024,1373
1024,1371
1024,1368
1024,1365
1024,1363
1024,1360
1024,1357
1024,1354
1024,1352
1024,1349
1024,1346
1024,1344
1024,1277
1024,1274
1024,1271
1024,1269
1024,1266
1024,1263
1024,1261
1024,1258
1024,1255
1024,1253
1024,1250
1024,1247
1024,1244
1024,1242
1024,1239
1024,1236
1024,1234
1024,1231
1024,1228
1024,1225
1024,1223
1024,1220
1024,1217
1024,1215
1024,1212
1024,1209
1024,1206
1024,1204
1024,1201
1024,1198
1024,1196
1024,1193
1024,1190
1024,1187
1024,1185
1024,1182
1024,1179
1024,1177
1024,1174
1024,1171
1024,1169
1024,1166
1024,1163
1024,1160
1024,1158
1024,1155
1024,1152
1024,1060
1024,1057
1024,1054
1024,1044
1024,1041
1024,1035
1024,1030
1024,1028
1024,1024
1024,917
1024,891
1024,881
1024,878
1024,873
1024,871
1024,868
1024,865
1024,863
1024,860
1024,857
1024,854
1024,852
1024,849
1024,846
1024,844
1024,841
1024,835
1024,832
1024,830
1024,825
1024,822
1024,818
1024,815
1024,812
1024,808
1024,806
1024,802
1024,799
1024,797
1024,794
1024,791
1024,783
1024,756
1024,713
1024,699
1024,695
1024,692
1024,689
1024,687
1024,683
1024,678
1024,675
1024,673
1024,669
1024,664
1024,661
1024,656
1024,652
1024,648
1024,646
1024,642
1024,637
1024,634
1024,630
1024,625
1024,620
1024,617
1024,612
1024,609
1024,607
1024,604
1024,600
1024,598
1024,595
1024,592
1024,589
1024,587
1024,584
1024,581
1024,579
1024,576
1024,552
1024,535
1024,523
1024,446
1024,443
1024,440
1024,435
1024,432
1024,406
1024,404
1024,392
1024,389
1024,387
1024,384
1024,304
1024,253
1024,251
1024,248
1024,245
1024,243
1024,240
1024,233
1024,231
1024,226
1024,223
1024,220
1024,218
1024,215
1024,211
1024,209
1024,206
1024,199
1024,196
1024,175
1024,122
1024,117
1024,115
1024,112
1024,109
1024,106
1024,88
1024,74
1024,68
1024,40
1024,36
1024,33
1024,29
1024,4
1007,129
1007,70
1007,65
1007,59
1007,47
1007,45
1007,38
1007,32
1007,26
1007,24
1007,19
1007,1
1007,5
998,1
992,2035
992,2031
992,2028
992,2023
992,2018
992,2015
992,2010
992,2005
992,2002
992,1997
992,1993
992,1988
992,1985
992,1852
992,1847
992,1844
992,1839
992,1835
992,1830
992,1827
992,1822
992,1817
992,1814
992,1809
992,1804
992,1800
992,1796
992,1674
992,1533
992,1529
992,1525
992,1520
992,1515
992,1512
992,1507
992,1502
992,1499
992,1495
992,1490
992,1487
992,1482
992,1477
992,1472
992,1469
992,1464
992,1460
992,1456
992,1452
992,1447
992,1442
992,1439
992,1434
992,1430
992,1426
992,1422
992,1417
992,1412
992,1409
992,1404
992,1399
992,1396
992,1391
992,1387
992,1384
992,1379
992,1374
992,1369
992,1366
992,1361
992,1357
992,1353
992,1349
992,1343
992,1339
992,1336
992,1331
992,1326
992,1323
992,1319
992,1314
992,1309
992,1306
992,1301
992,1296
992,1293
992,1288
992,1284
992,1087
992,1084
992,1079
992,1074
992,1071
992,1066
992,1062
992,1058
992,1054
992,1049
992,1044
992,1041
992,1036
992,1031
992,1028
992,703
992,699
992,694
992,691
992,686
992,681
992,678
992,673
992,669
992,664
992,661
992,656
992,651
992,648
992,643
992,639
992,635
992,631
992,626
992,621
992,618
992,613
992,608
992,605
992,600
992,596
992,591
992,588
992,583
992,578
992,319
992,314
992,310
992,305
992,302
992,297
992,292
992,289
992,284
992,280
992,275
992,272
992,267
992,262
992,259
992,190
992,185
992,182
992,177
992,173
992,168
992,165
992,160
992,155
992,152
992,7
992,1
990,136
990,134
990,131
990,128
990,119
990,111
990,102
990,97
990,95
990,89
990,85
990,76
990,63
990,56
990,50
990,43
990,38
990,33
990,23
990,6
987,129
987,1
984,333
984,239
984,193
984,79
984,36
984,1
978,3
976,371
976,368
976,365
976,363
976,360
976,357
976,355
976,352
976,348
976,346
976,343
976,340
976,337
976,335
976,332
976,329
976,327
976,324
976,321
976,300
976,294
976,288
976,283
976,277
976,272
976,268
976,264
976,261
976,258
976,228
976,226
976,223
976,220
976,217
976,214
976,211
976,208
976,206
976,203
976,199
976,197
976,191
976,188
976,185
976,183
976,180
976,177
976,175
976,172
976,169
976,166
976,164
976,161
976,158
976,156
976,153
976,150
976,147
976,145
976,142
976,139
976,137
976,134
976,131
976,129
976,123
976,114
976,105
976,96
976,80
976,75
976,73
976,65
976,59
976,54
976,51
976,45
976,41
976,37
976,31
976,25
976,22
976,19
976,14
976,9
976,7
976,3
969,2871
969,2868
969,2866
969,2863
969,2852
969,2845
969,2842
969,2839
969,2835
969,2832
969,2829
969,2826
969,2824
969,2821
969,2818
969,2816
969,2813
969,2810
969,2807
969,2805
969,2802
969,2799
969,2797
969,2794
969,2791
969,2788
969,2786
969,2783
969,2780
969,2778
969,2775
969,2772
969,2770
969,2767
969,2764
969,2761
969,2759
969,2756
969,2753
969,2697
969,2693
969,2689
969,2646
969,2640
969,2635
969,2631
969,2627
969,2623
969,2620
969,2617
969,2615
969,2612
969,2609
969,2607
969,2604
969,2601
969,2598
969,2596
969,2593
969,2590
969,2588
969,2585
969,2582
969,2580
969,2577
969,2574
969,2571
969,2569
969,2566
969,2563
969,2561
969,2558
969,2555
969,2552
969,2550
969,2547
969,2544
969,2542
969,2539
969,2536
969,2533
969,2531
969,2528
969,2525
969,2523
969,2518
969,2515
969,2513
969,2510
969,2507
969,2504
969,2502
969,2499
969,2496
969,2494
969,2491
969,2488
969,2485
969,2483
969,2480
969,2477
969,2475
969,2472
969,2469
969,2466
969,2464
969,2461
969,2458
969,2456
969,2453
969,2450
969,2448
969,2445
969,2442
969,2439
969,2437
969,2434
969,2395
969,2175
969,2172
969,2169
969,2166
969,2164
969,2161
969,2158
969,2156
969,2153
969,2150
969,2147
969,2145
969,2142
969,2139
969,2137
969,2134
969,2131
969,2128
969,2126
969,2123
969,2120
969,2118
969,2115
969,2112
969,2110
969,2107
969,2104
969,2101
969,2099
969,2096
969,2093
969,2091
969,2088
969,2085
969,2082
969,2080
969,2077
969,2074
969,2072
969,2069
969,2066
969,2063
969,2061
969,2058
969,2055
969,2053
969,2050
969,1791
969,1789
969,1786
969,1783
969,1780
969,1778
969,1775
969,1772
969,1770
969,1767
969,1764
969,1761
969,1759
969,1756
969,1753
969,1751
969,1748
969,1745
969,1742
969,1740
969,1737
969,1734
969,1732
969,1729
969,1597
969,1592
969,1589
969,1584
969,1579
969,1576
969,1572
969,1567
969,1564
969,1559
969,1554
969,1548
969,1546
969,1540
969,1536
969,1470
969,1467
969,1464
969,1461
969,1459
969,1456
969,1453
969,1451
969,1448
969,1445
969,1442
969,1440
969,1437
969,1434
969,1432
969,1429
969,1426
969,1424
969,1421
969,1418
969,1415
969,1413
969,1410
969,1335
969,1214
969,1211
969,1208
969,1205
969,1203
969,1200
969,1197
969,1195
969,1192
969,1189
969,1186
969,1184
969,1181
969,1178
969,1176
969,1173
969,1170
969,1167
969,1165
969,1162
969,1159
969,1157
969,1154
969,1087
969,1085
969,1082
969,1079
969,1076
969,1074
969,1071
969,1068
969,1066
969,1063
969,1060
969,1057
969,1055
969,1052
969,1049
969,1047
969,1044
969,1041
969,1038
969,1036
969,1033
969,1030
969,1028
969,1025
969,958
969,956
969,953
969,950
969,947
969,945
969,942
969,939
969,937
969,934
969,931
969,928
969,926
969,923
969,920
969,918
969,915
969,912
969,909
969,907
969,904
969,901
969,899
969,896
969,664
969,646
969,637
969,633
969,628
969,626
969,622
969,619
969,617
969,614
969,610
969,606
969,601
969,593
969,584
969,579
969,511
969,506
969,502
969,499
969,493
969,489
969,485
969,482
969,477
969,473
969,469
969,463
969,458
969,382
969,373
969,365
969,360
